-3.404434438018206360e-02
7.002258003356687244e-03
-6.131308198315303937e-01
2.837701233205226076e-02
1.039028209708243999e-01
7.982844544389591790e-02
-4.412419203307899607e-01
1.650284475154857045e-01
-1.009793546179268420e-01
-8.892496329949066691e-01
-9.297343977232998269e-02
-3.546660257214337419e-01
-9.940419504632519443e-02
2.472521375925100171e-02
4.005751882805389658e-02
5.462280822377226647e-02
6.364178899830785774e-02
7.839953096373668273e-02
8.455127509312131140e-02
8.256921400440410397e-02
8.910313973587560832e-02
8.910676178936004221e-02
9.172286286191567994e-02
9.339686599848383286e-02
9.740620404707935054e-02
7.118844460297111881e-04
1.258307064095582533e-03
2.409869521784162671e+01
3.895194603215485074e+01
8.288044924303698053e+02
2.319546336245331020e+02
