-3.440378339088355497e-02
7.893604279998080522e-03
-3.732895023543814084e-02
4.736136672670284570e-02
-1.183191229243618414e+00
-3.270309007611572061e-01
-8.000282387727117306e-02
-2.069755909708771435e-01
-9.134592105264605078e-02
-2.219931771262372844e-01
-1.082194905277167607e-01
-1.565294431906615324e-01
-1.389703241650469268e-01
3.292159782046460981e-02
4.296958703867278379e-02
6.789641863991460746e-02
7.408384463257448871e-02
9.264809958416149460e-02
9.206950295664845241e-02
1.036805253512052827e-01
9.574581725778762153e-02
1.043665494760702694e-01
9.806493381521680375e-02
9.722635541250024271e-02
9.275822214825922563e-02
6.694258285806386393e-04
2.323277307623376753e-03
1.922703802221874625e+01
4.330191172583913328e+01
1.176281021201730027e+03
2.171726788534859907e+02
