-3.282293605975283163e-02
7.404631566601899140e-03
-3.010360645108948324e-02
-1.989744218118598695e+00
-6.770651771077085268e-02
-2.214250644702606963e-01
-6.679994470306742371e-02
-1.844522367649634453e-01
-8.527604342075213728e-02
-1.370733940469867074e-01
-1.010922915616993684e-01
-2.344762516467356894e-01
-1.268161929382251862e-01
1.605038294502886959e-02
2.744789403528296104e-02
5.139777728287259900e-02
5.924091075702199449e-02
8.783446064166348932e-02
7.747001090533681134e-02
1.033723204119656180e-01
9.627945172118261563e-02
1.056477522737244712e-01
9.581157661780405344e-02
1.029590167282381924e-01
9.512428467048349157e-02
6.038177696134908656e-04
1.398213322475807489e-03
1.706674074106224381e+01
3.549529584603684640e+01
2.031028422829490125e+02
4.731942326072766036e+01
