-3.304230877541761840e-02
1.582183150384801687e-02
8.886105735549000073e+00
2.398323663916399756e-02
8.495195841575170492e-01
5.393527761107466678e-02
5.956871205088398291e+00
8.507560561126925602e-02
-3.806232001019263511e-01
1.229747537170721161e-01
-7.024814701637241976e-01
1.447463749793903298e-01
-5.434129733991536204e-01
2.136683908366928883e-02
3.570927645232662567e-02
5.000864877328092817e-02
4.944131877878752551e-02
6.933887122762436017e-02
6.610012625241369622e-02
8.320896169454104763e-02
7.574794692207326152e-02
9.288611562343390693e-02
8.644121318748157479e-02
1.050446593265887268e-01
9.910259764933219973e-02
3.001249748267133580e-04
5.325712799110648337e-04
9.373377544379897230e+00
9.747443166501097878e+00
3.585562767000538997e+01
2.041213465976513675e+01
