-3.576370352505725547e-02
5.930255387709647968e-03
1.457306935069188451e-02
2.279787820398604045e-02
2.952578889136310558e-02
4.725695981761277031e-02
6.817226656475078306e-02
9.020079265818881087e-02
1.346743398322209628e-01
1.790048929775638620e-01
3.555093114277547151e-01
5.337535961367989579e-01
9.947623650510557525e-01
1.967397879133169630e-02
2.599926138724120012e-02
4.008420201767095431e-02
5.486415219614994981e-02
6.763947786991768296e-02
8.218153486093955629e-02
9.497273549922809199e-02
1.012696160716375776e-01
1.080533035095778971e-01
1.091215751726535566e-01
1.161838474422988432e-01
1.106753538004624504e-01
2.842063252772321445e-03
3.429328045501162017e-03
1.024013333506946708e+02
1.775542134672913051e+02
1.213287984952787883e+04
1.184997413261033898e+02
