-3.778506756170967040e-02
5.544906671379247823e-03
-2.626360108871704860e-02
5.482852270682979368e-02
1.186418726967284343e-01
-8.711847187267111881e-02
-1.090245959034268908e-01
-1.461749336958980405e-01
-1.110660908867890373e-01
-3.684526801980825272e-01
-1.420157048941348421e-01
-1.803654236925486543e-01
-1.821419561990686997e-01
2.344838950776680780e-02
3.101868937364261891e-02
5.524783877278573868e-02
6.932384145663365860e-02
7.550329257213712897e-02
8.683228719002634988e-02
9.572260811942288894e-02
9.642608605382370357e-02
1.027518991470830062e-01
1.040628587632911606e-01
1.062824107169225152e-01
1.087315379365402790e-01
7.815059490082808605e-04
2.468424795497209216e-03
1.880903294316861007e+01
4.545810296442516574e+01
3.100892821999429430e+02
1.393550506250863066e+02
