-3.336927972236243545e-02
5.393192051714854399e-03
3.957079571076816404e-01
1.857999732647580282e-01
1.868288092979823733e-01
-4.235332277913111954e-01
-1.413732493426251846e-01
-1.274054014674637358e-01
-1.144061482152541193e-01
-1.327067184497044694e-01
-1.421594219838872297e-01
-1.863428106435862097e-01
-1.691168684872280392e-01
2.293676710015748327e-02
3.202051314498305379e-02
4.620095224766122138e-02
6.082076508602598380e-02
7.077913000395620602e-02
8.122667736284903961e-02
8.442683860548789998e-02
8.690220777292516352e-02
8.989471006786102503e-02
9.146844463588103824e-02
9.224674641055670421e-02
9.042534686064136740e-02
1.086058299752339692e-03
3.285767094302395521e-03
2.645968124514247322e+01
6.868611704287903308e+01
1.402535575571973538e+02
7.119607030910881917e+01
