-3.335974380877750056e-02
1.586847104086260701e-02
-5.328925110482720662e-01
2.430231582680005692e-02
-2.309989059232354869e+00
5.387130445728178368e-02
-9.506518214356038943e-01
8.615340230232930441e-02
-3.227035463173905661e-01
1.176073320201607292e-01
-5.315607062219085410e-01
1.395152388430248858e-01
-4.553982958240976320e-01
2.209671766932825437e-02
3.516439841937833016e-02
4.949769829130431370e-02
4.961026167583058172e-02
6.930220387415989003e-02
6.611279242951462187e-02
8.254406646007957093e-02
7.570023017375912544e-02
9.331102454064194029e-02
8.638382368894986785e-02
1.051014021607506455e-01
9.786385635176550468e-02
2.908591414894095726e-04
5.655373539634546464e-04
8.386729372620532530e+00
9.608327529963712976e+00
4.212931154040766302e+01
2.323885109273704330e+01
