-3.229865106833634814e-02
5.197875520266034485e-03
-1.375043044238910273e-01
1.880693606734072654e-01
1.369773117667651696e-01
-3.074489797078635567e-01
-1.489546128682726622e-01
-1.394486237229577430e-01
-1.185657762670347809e-01
-1.353496748904735314e-01
-1.616769448431076839e-01
-2.018676411685361716e-01
-1.791367830155431440e-01
2.738074356628029948e-02
3.604207215222628158e-02
5.262113026077961525e-02
6.360227323657079157e-02
7.350168742125745558e-02
8.555317206771419214e-02
9.067037950044379291e-02
9.587748373209091513e-02
9.521344297031526793e-02
9.822522406916729676e-02
9.803142869942606252e-02
9.457837707373878411e-02
1.064297350280476355e-03
3.794099112821155192e-03
2.676413533988115745e+01
7.202813599062133676e+01
6.219926503242630815e+02
3.305038517293891118e+02
