-3.933680051583771098e-02
5.729449190647713068e-03
-2.232376094469148975e-01
3.108209184822903828e-02
6.218983108371491791e-02
2.125523941840171682e-01
-6.737548512089654551e+00
3.596574510022296223e-01
-2.479711526295901303e-01
1.046560518112873872e+00
-2.121003172143505200e-01
-6.040454704408019238e-01
-2.742155459838278575e-01
2.482190974262178662e-02
3.150220851582376941e-02
5.158169898141948956e-02
6.303523502122491962e-02
7.389995163061229000e-02
8.437466761099089718e-02
9.204650004447538503e-02
9.524324622187461953e-02
9.820147704127368815e-02
9.945695197321295644e-02
1.029841613782331300e-01
1.035235458917246471e-01
9.292375225989767552e-04
2.128745313362763285e-03
2.586607025391396064e+01
5.175035287382416271e+01
1.285458754620150330e+03
2.508503258864438124e+02
