-3.624694060227712233e-02
9.302249504613193526e-03
-5.275669333333245919e-02
6.827763321529869978e-02
-9.344470532969678667e-02
-1.192447972717116805e-01
-4.962371461984455001e-02
1.903498527292701303e-01
-6.262376190214570537e-02
-1.149742985984583826e-01
-1.877573566472578726e-01
-2.901550065707892978e-01
-1.079124164633568778e-01
2.332895282117470812e-02
2.908909551906878679e-02
4.199014063194795449e-02
3.898608569971585142e-02
5.446521744434497381e-02
4.902818766037912029e-02
7.004415102768096757e-02
6.025284922855948799e-02
6.566284200147713690e-02
6.861877848082921505e-02
7.188808865035554996e-02
7.296659821263273837e-02
5.371420950873632234e-04
1.336841356756395113e-03
1.948634846536382881e+01
2.890003178727149447e+01
6.011593708421978590e+02
7.849289588033946075e+01
