-3.482702976578298804e-02
7.114228964877366591e-03
-6.198340901519525104e-02
7.386776532960502573e-02
-1.590073131907803194e-01
1.215092070331435403e+00
-9.356541870821241669e-02
-5.492368241230985992e-01
-1.011292951141822133e-01
-3.742683865689286349e-01
-1.271849647508729864e-01
-4.333292951557176087e-01
-1.539362194642904524e-01
2.584284747004859939e-02
3.616986817184378311e-02
5.364595229592674513e-02
6.333223957742420418e-02
7.665516657631241126e-02
8.138448650139687435e-02
8.475018259601062309e-02
8.609385599925371835e-02
8.983960188806963676e-02
8.905153852069075393e-02
8.841171279722595533e-02
8.969993931233140316e-02
5.951207079225148602e-04
1.546902258564911408e-03
1.794007746951177751e+01
3.577829641458188803e+01
2.594060544542030584e+02
7.134555055054698869e+01
