-3.295790477039888672e-02
1.040834282343543367e-02
-1.596013689178775105e-02
7.740592434751196460e-02
-7.662341629821010913e-02
-5.731431179951113064e-02
-4.597864078600340937e-02
-9.494418967274899368e-02
-6.485913203114990200e-02
-1.414529768368610330e-01
-7.319418419260713404e-02
-8.707353690426049286e-02
-1.114257714080315320e-01
3.401271969188061212e-02
3.767366145661338317e-02
7.048781616501580138e-02
6.821799710862125332e-02
8.360387873578196960e-02
8.114750148062181700e-02
9.201272612731087319e-02
8.138139148668536993e-02
8.819129591953571434e-02
8.011573239285138537e-02
7.676480524341039446e-02
7.122340367598421762e-02
5.110941737014732585e-04
2.130342995412345345e-03
1.358719013690299349e+01
2.928039942439400534e+01
6.072316768755529210e+02
1.469395688079196987e+02
