-3.624908116041815342e-02
9.295873937089291217e-03
-5.274291507257843070e-02
6.836360800467530807e-02
-9.326410692552326853e-02
-1.193855637958110422e-01
-4.987506827907730450e-02
1.871457614346580256e-01
-6.285550989122754006e-02
-1.146406119005444063e-01
-1.867623781950212003e-01
-2.919813563687064795e-01
-1.071420229929810480e-01
2.333165192149125322e-02
2.907742248651646114e-02
4.200005085566421714e-02
3.896529645384832347e-02
5.440777757037040807e-02
4.908729109606608382e-02
6.999150717280387679e-02
6.022146590802142374e-02
6.568538058676047509e-02
6.854160676391293783e-02
7.177418502775508025e-02
7.312052662904075517e-02
5.372756221746421371e-04
1.336499182235411113e-03
1.949088818227104980e+01
2.892256430908078002e+01
6.027633152916428116e+02
7.553794835839381960e+01
