-3.275353079058038186e-02
1.124458605402856200e-02
-1.959237293304925617e-02
-3.179525555536787396e-01
-9.086774486010457119e-02
-2.702756152216577723e-01
-9.434848798320702445e-02
-2.560771217883394679e-01
-1.037468700086241896e-01
-2.460611827394188766e-01
-1.815114571038592695e-01
-2.360537777807110604e+00
-2.801952161849081135e-01
2.728837265721834743e-02
2.993720113230710633e-02
6.140522376289201528e-02
6.168616857505404560e-02
7.363514811196554544e-02
7.176843082326357648e-02
7.529615157022627459e-02
6.721004380092204800e-02
6.786260514054895387e-02
6.561518606151130195e-02
6.405943179715344049e-02
5.947904175690531953e-02
5.483535534853860088e-04
1.894457957986526477e-03
1.558124145582787001e+01
3.368197440976497603e+01
7.354073551210412916e+02
1.735485316356236183e+02
