-2.949200019667852857e+01
1.428141686124520220e+02
-1.410713365302783240e+00
3.518508643644874923e+01
9.205656025245035678e+00
1.266998219216410604e+01
-2.224540133665949604e+00
6.335626037671075572e+00
-9.642782346650751180e+00
-9.438688251739626445e-01
-1.064298247131745434e+01
-2.903986631417905695e+00
-9.944264220009790378e+00
4.018220009481269273e+01
2.488071543617010661e+01
1.816055044840448218e+01
1.556615711317345863e+01
1.266452889664542525e+01
1.182673441744118392e+01
1.202445776833560132e+01
1.123620371872655355e+01
1.121546616616896941e+01
1.083291183850863781e+01
1.082410202195032056e+01
1.037600461391670592e+01
1.398236938627808513e+03
7.836932522979798250e+02
4.124429490831163503e-02
2.533950805664062639e-02
2.006345129116524420e-03
5.139215109206468450e-03
