-2.893504193447250827e+01
1.272203995147099107e+02
-2.631767270011413373e+01
2.102558679288130250e+01
-4.483984411525954172e-01
-2.463749949351444535e+00
-1.224247085889607334e+01
-4.741601509634508993e+00
-1.090190494284939149e+01
-4.481595700827893047e+00
-9.082988964247569186e+00
-6.314587912641258960e+00
-7.165491115382044640e+00
3.054604859574788378e+01
2.341140277580707263e+01
1.462876244444341900e+01
1.352958807912849259e+01
1.078591477223583084e+01
1.096602801646242575e+01
9.631331277357983112e+00
1.039669852113632587e+01
9.619627348802412214e+00
1.017734780463377042e+01
1.030199038511390874e+01
1.081091143217838457e+01
1.481186158109894905e+03
4.325092525631120566e+02
5.133111741807725587e-02
2.311293284098307407e-02
1.241268111914488759e-03
6.258428872048782052e-03
