-3.062545224825646883e+01
1.360185125456088144e+02
-3.306047645081157782e+01
-5.212304008733351646e-01
-1.454765847947888346e+01
-4.516783737890566641e+00
-1.484594131783168436e+01
-5.521590716313545144e+00
-1.164000222705847953e+01
-7.423862579681574481e+00
-9.966735050384240679e+00
-4.446638311744188776e+00
-7.967896939324499606e+00
6.247695515960157309e+01
3.716663188370181103e+01
1.951818191239739164e+01
1.680047081060761727e+01
1.150763153225031310e+01
1.304508172062592664e+01
9.643362871239434142e+00
1.053757151244042412e+01
9.523789558719354176e+00
1.060206036637035965e+01
9.664942067772305023e+00
1.050366770850774145e+01
1.648302151738013663e+03
7.127041385069566104e+02
5.779118008083767438e-02
2.744305928548177245e-02
5.245779298652604276e-03
2.171221964737454421e-02
