-3.010689199484657053e+01
6.443853109793435863e+01
2.576807546623361561e-02
4.211444425364542354e+01
1.085302640370921168e+00
1.867962975428834227e+01
1.888673844151121939e-01
1.195433770800104334e+01
-2.622075253195119693e+00
8.291729442301827291e+00
-1.356655282259533912e+00
6.954749738838290618e+00
-1.803927204904741455e+00
4.649830791199607916e+01
2.803073956811054401e+01
2.014024241979858232e+01
2.043635851338969900e+01
1.446269228839566168e+01
1.519535811699926064e+01
1.199227608294760117e+01
1.322910386431649954e+01
1.069544085893762286e+01
1.157444506146396890e+01
9.370955558058899015e+00
1.006735188012842386e+01
3.326670411487626552e+03
1.865666201278870631e+03
1.067886776394314230e-01
1.033945507473415792e-01
2.391140495499780722e-02
4.597079629156930469e-02
