-2.784521988785296998e+01
1.660708734709355667e+02
6.896043028176968903e+01
4.430083070456360872e+01
3.427173724818146638e+01
2.167320474502565730e+01
1.504014914818884208e+01
1.152692112075035524e+01
7.794732213330765269e+00
5.760323414267945807e+00
2.904396036536005976e+00
1.935298781264443990e+00
1.131545401848335297e+00
4.945140979350835408e+01
3.788393230070764162e+01
2.493848591894396449e+01
1.806824368622740806e+01
1.479023192566172717e+01
1.221162487286767195e+01
1.050880499336538598e+01
9.843708531694169039e+00
9.196111237398387317e+00
9.136727971738986653e+00
8.576439729340604501e+00
8.928095628045655374e+00
3.537307723550293872e+02
2.855099644062949551e+02
9.674326578776041435e-03
5.514441596137152797e-03
3.830612501039886504e-04
8.602704013015837620e-03
