-2.618668234999467614e+01
1.811346925658988880e+02
-3.793756156033939675e+01
1.883702555498134146e+01
8.154988761344833748e+00
-1.124917596395664354e+01
-9.187645323353354598e+00
-6.829995994615213561e+00
-9.085081871169515821e+00
-2.745536939703742796e+00
-7.235537145278714277e+00
-5.493730412889918924e+00
-5.485742336230921445e+00
4.253524652338948897e+01
3.205251503967924265e+01
1.780711570233882668e+01
1.439768327706838669e+01
1.327277221516479599e+01
1.146499936986132973e+01
1.032651695491270694e+01
1.025466450588881173e+01
9.665684550183343049e+00
9.485053003825143492e+00
9.302491292755359353e+00
9.252063321139333496e+00
1.292541528188836082e+03
3.994975273815276182e+02
5.384847852918836497e-02
2.200798458523220424e-02
3.145314493635358900e-03
6.394505976443187571e-03
