-3.007229754933322852e+01
1.861231425714161674e+02
1.191770218686562854e+00
5.266098423463215106e+00
4.877982392115518095e+00
-2.794548061535978345e+00
-7.418787312032266712e+00
-8.064398878795973502e+00
-8.966943337551008142e+00
-7.813300352136138827e+00
-7.459760180858170386e+00
-5.628775130559612982e+00
-6.044736164396292466e+00
4.296299374995416542e+01
3.117756029713556032e+01
2.138534809798228764e+01
1.652115507908003877e+01
1.397070211212396451e+01
1.242263118398760646e+01
1.197378089026994274e+01
1.154864933817944816e+01
1.122178234796091445e+01
1.092678104818882723e+01
1.089486230961200697e+01
1.111893811523154341e+01
9.248153959119962337e+02
3.099057864543688652e+02
3.831147087944878488e-02
1.483796437581380231e-02
5.345155641268967486e-03
1.350384392858879068e-02
