-2.982891306576090784e+01
6.493717083234082565e+01
-6.013796094079023602e-01
4.053055012209935626e+01
6.182871097650301240e-02
1.823517615831216077e+01
-7.881617393847489828e-01
1.170397341505720590e+01
-2.972827085738865449e+00
8.447025840246997319e+00
-1.799852581946955299e+00
7.232600966757227745e+00
-2.058171384983385810e+00
4.581557825493477765e+01
2.863913160141946790e+01
2.018449557777283943e+01
1.993693518434374568e+01
1.444833635664076077e+01
1.491871594344948804e+01
1.204045821101163227e+01
1.308157621860421749e+01
1.080162135859831807e+01
1.151243743299839650e+01
9.547422980278579274e+00
1.016803477149110790e+01
3.378911285681239860e+03
1.785905267307661916e+03
1.151084899902343750e-01
1.011889351738823745e-01
2.327165984363157789e-02
4.205806352172500318e-02
