-3.108710269808389626e+01
1.905385854619244697e+02
-8.052775273909597686e+00
5.385109224226713565e+00
7.142179394358148414e+00
-3.294660541349245797e+00
-6.533638346228851645e+00
-7.201397832333330307e+00
-8.264900599155872385e+00
-7.154482326397232583e+00
-6.026737172573727541e+00
-4.908252342723103290e+00
-5.393022008288729019e+00
3.714589738553105036e+01
2.786819581952618563e+01
1.920677730480213796e+01
1.577113224792071122e+01
1.354630742759230344e+01
1.179035044861197434e+01
1.107288364972783867e+01
1.048708121887078271e+01
1.049033339197970527e+01
1.023444345464134386e+01
1.029049472436890866e+01
1.052529230483147948e+01
9.493943774137859464e+02
2.713685907858213682e+02
3.745947943793402624e-02
1.399945153130425363e-02
9.567921484787886548e-04
3.561297655391955710e-03
