-2.551447476754386301e+01
1.745543768175670607e+02
-4.686334115433662184e+00
3.286285113720352768e+01
1.637164729913412131e+01
4.595665745512168776e+00
-8.247845385404717344e-02
2.844626542303012595e+00
-3.703795409682465678e+00
1.202450145582487417e+00
-4.600017026695584654e+00
-1.680857913583329477e+00
-3.700940531609941964e+00
4.000198346352262746e+01
3.163685611725700753e+01
1.941955673230624768e+01
1.593890746498970401e+01
1.365848453880753333e+01
1.196405307609303392e+01
1.095283319063116068e+01
1.051921988592318158e+01
1.011651718485275886e+01
9.945780573314468853e+00
9.660185562316069507e+00
9.615893877767019760e+00
1.074245127433585822e+03
4.671056399459928912e+02
3.839081658257378210e-02
1.909247504340277901e-02
1.256085510611811180e-03
4.949207580457687730e-03
