-2.760648680168788260e+01
1.067890791856759307e+02
-1.921289493107060764e+01
1.536852615699423730e+01
-9.925418272596859381e+00
-7.921662025167480969e+00
-2.024806451913774907e+01
5.202437791351631979e+00
-1.588336435054756102e+01
-8.560911345262885774e+00
-5.342001892666559115e+00
-3.623446126435757364e+00
-9.341842896336487456e+00
4.368228871453981554e+01
3.452706801680851356e+01
2.414719881679268099e+01
2.583979069634145631e+01
1.853874304904602610e+01
2.059339549142829640e+01
1.435534531991611118e+01
1.662589095976231945e+01
1.519561728518157295e+01
1.454862625290438416e+01
1.384178337019622695e+01
1.368912415599916166e+01
1.874372966110574907e+03
7.699960307571629983e+02
5.155590160472973277e-02
3.546839533625422564e-02
2.878488872451358347e-03
1.552062589033155818e-02
