-2.897041905632847048e+01
1.400689634367694225e+02
-1.641037582250169535e+01
1.439406894905389223e+01
-6.533709854212227164e+00
7.636671363363145559e-01
-1.075511987101991629e+01
-1.626103767683121593e+00
-1.001343384483253551e+01
-2.754179667126865905e+00
-7.930907574663514481e+00
-2.364246699349476177e+00
-6.541944832832086831e+00
3.864607599564397589e+01
2.759678169851686036e+01
1.868722066705321438e+01
1.561611714267653817e+01
1.301835166500354291e+01
1.223428397499018416e+01
1.172349473872163728e+01
1.160699368237999529e+01
1.111579810080834818e+01
1.121231687191579596e+01
1.125139326760480785e+01
1.133275700752532877e+01
1.664911782447088854e+03
6.284833182069913846e+02
5.589968363444010324e-02
2.767959170871310895e-02
4.725156658611832060e-03
1.612566128056896683e-02
