-3.030443098918065914e+01
9.580380443249725886e+01
-6.274507104298746896e+01
1.275686058009256740e+01
-1.322174741730559688e+01
-1.737513722132975502e+01
-2.205149190533492387e+01
-1.082279831710103402e+01
-1.565077317591607908e+01
-6.962418508586415200e+00
-1.377512779350573524e+01
-1.166494676867409375e+01
-9.142970640120458015e+00
2.969711544364205835e+01
2.620296236782823129e+01
1.421376302862708130e+01
1.468273158796623079e+01
1.175939409138809388e+01
1.234883529418309855e+01
1.083474520718203493e+01
1.230348572372151672e+01
1.122584339413669063e+01
1.239832757461085322e+01
1.303320688958693729e+01
1.420231349497399620e+01
1.958169065040697205e+03
4.678262542940137223e+02
7.372237311469184706e-02
3.399988810221354213e-02
1.791804189861961362e-03
7.758388290422297065e-03
