-2.774384906410748641e+01
1.075772079025188219e+02
-1.852671625374771125e+01
1.507496705362767209e+01
-1.034105382399154927e+01
-8.134308202294212364e+00
-1.991090237265193963e+01
5.635942297452452898e+00
-1.612327725560818337e+01
-8.853367820650317910e+00
-5.411838597198948442e+00
-3.898129952400793297e+00
-9.097649343672674860e+00
4.269532833436663566e+01
3.405380031304327559e+01
2.375909151399173425e+01
2.576162776209560690e+01
1.846437035222056267e+01
2.030582231150572881e+01
1.433949458941670940e+01
1.663271754389974788e+01
1.497136886916018206e+01
1.444943092351063108e+01
1.392178994897985866e+01
1.361628818702463661e+01
1.868593246731910995e+03
7.584957747956016192e+02
5.131543477376301898e-02
3.526668548583984653e-02
3.177176638092847963e-03
1.506581484190754744e-02
