-3.015716085777038202e+01
8.808496674628307233e+01
-5.144426816527201396e+01
-3.017711188115451026e+00
-1.165443979387637263e+01
-3.649710770728415987e+00
-1.073375503298334976e+01
-4.101104865127449983e+00
-9.500517653990796063e+00
-3.690196706040296704e+00
-5.302374573148942005e+00
-4.244414832905426538e-01
-3.700029743008134364e+00
3.633930136152743273e+01
3.360877020238452673e+01
1.623096393453653974e+01
1.649709437244714039e+01
1.354207935705328225e+01
1.390513636559957789e+01
1.351680931312859890e+01
1.487575669179043203e+01
1.476861523433326440e+01
1.541873387501222581e+01
1.580491596487287786e+01
1.715934778359822133e+01
1.836237744180146365e+03
5.321175670723959001e+02
6.496285332573784044e-02
2.996739281548393974e-02
1.366398938687317117e-03
6.467345834841436644e-03
