7.402386364758895887e+00
3.516679002578227653e+01
2.855152370562285213e+01
1.453730512812059494e+01
1.348298965351736634e+01
1.193388656508731849e+01
1.039196752443951510e+01
9.533129966955010914e+00
9.008075528577737856e+00
8.097597941854587589e+00
8.051064898012015192e+00
7.254733455330591774e+00
6.673327458034713722e+00
1.749585871848796614e+01
1.207406279123263637e+01
7.669994578335334268e+00
5.836667735321332096e+00
4.171365569653019634e+00
3.947748757444901280e+00
4.010100646320255535e+00
3.660071726252245750e+00
3.556357492367187234e+00
3.514959599067661866e+00
3.760825519753643320e+00
3.799566389215952356e+00
7.427564132799033132e+02
5.109131159364090990e+02
2.967657539882147255e-02
2.378055032505979258e-02
3.729972294697211227e-02
5.338866737821571645e-02
