8.294023198306435418e+00
4.835046946735629092e+01
5.510711235611211833e+01
2.139175446898278921e+01
2.389709791526144045e+01
1.891692821511001199e+01
1.944292724927839089e+01
1.429423452262495431e+01
1.548702834593164113e+01
1.177487440223066528e+01
1.316601220017665419e+01
1.207983873144171305e+01
1.219067084136718826e+01
2.375321118819421073e+01
1.856522106537558869e+01
7.524913455312638000e+00
6.902108691666934526e+00
4.728840408929748662e+00
4.806053507783714096e+00
3.935908898974181280e+00
4.976929440339690203e+00
4.573075412833142117e+00
5.197152904498393511e+00
5.660286484265121487e+00
6.157176919860895659e+00
8.307560014089752940e+02
4.932964053743694421e+02
3.756845813945978996e-02
1.869007878357739627e-02
2.962421788753749272e-02
7.277157207837134378e-02
