7.303300536325043169e+00
7.583392889262215419e+01
5.556932724920776678e+01
2.138573981686488779e+01
1.519782109043446461e+01
9.322714491553172778e+00
1.132298239213240976e+01
7.646275792020896134e+00
8.583929244897509747e+00
7.619422513233184091e+00
9.636268348170021980e+00
8.957485753463810596e+00
9.796287635712589648e+00
5.271463832389368775e+01
2.749525701203689110e+01
1.088353891812759855e+01
9.182069162460862799e+00
4.600631982725069236e+00
6.770048611173454134e+00
3.687733787720569367e+00
4.849975975968749964e+00
5.286907707745554852e+00
5.702654290981024054e+00
6.145981772428815049e+00
6.948994339377772889e+00
1.040834464861268543e+03
7.595299289501283511e+02
4.633910333926881397e-02
3.424363473319726875e-02
6.547822350559014126e-02
1.333856442220767990e-01
