7.384521318187494465e+00
3.852735611707564800e+01
2.394932660116704781e+01
1.705565496077957377e+01
1.522870684200426084e+01
9.946621174747603433e+00
1.152294534493311140e+01
7.577967887331439556e+00
9.899284907962590196e+00
6.510552063374682952e+00
7.593766675783549580e+00
5.825902886155248872e+00
6.550626775782602884e+00
2.179770443794521739e+01
1.340320846934800514e+01
9.708548630281578440e+00
9.157401574852295667e+00
5.871642152027322759e+00
6.155433864166553803e+00
4.346653611961900587e+00
5.080105569907063412e+00
3.723630128780411219e+00
4.146402692859173733e+00
2.985040244019457667e+00
3.497065562491153301e+00
1.482460116182589445e+03
1.194360777598510140e+03
9.100993058363976429e-02
7.314166635498361990e-02
7.839757944201498907e-02
1.238931515317218679e-01
