7.957646549096491384e+00
4.195221394900867296e+01
3.634252751795492031e+01
2.362755046441832363e+01
1.397308210672860973e+01
1.225806130637170810e+01
9.919155498472907340e+00
8.507492493091433516e+00
7.817822952511986223e+00
7.364689372770702569e+00
7.372507473836056313e+00
6.437156496740277234e+00
6.600011823966566382e+00
3.679934157622888335e+01
1.964758965843294547e+01
1.237718284008665570e+01
7.939960692655843921e+00
6.342196717041483467e+00
5.317597037290479278e+00
4.361618004157596928e+00
4.172652993221013240e+00
3.808215259418985088e+00
4.334713406886453235e+00
4.017753925645366486e+00
5.152129817967882275e+00
3.509004176555762911e+02
5.965281369511840239e+02
7.869208997208871834e-03
9.615278167435436715e-03
1.504798651443733752e-02
8.833702703969611991e-02
