8.695722535825490596e+00
4.495514072568911956e+01
5.421236009237549069e+01
2.947213110887012633e+01
1.919541393984878752e+01
1.614464502539292923e+01
1.227831542658905661e+01
1.129025190003734558e+01
1.059818877050825492e+01
9.112464885060845177e+00
8.669299481466959278e+00
8.083252094203762894e+00
7.825138247154555415e+00
3.634440962034198463e+01
2.240715818660501313e+01
1.001568055805908841e+01
6.822331718969545378e+00
6.712094142906710914e+00
5.147291936065792939e+00
4.284102935019354241e+00
4.572142418176684764e+00
4.119033877591542492e+00
4.325468919688320923e+00
4.491773647045647522e+00
4.782632397382244882e+00
6.223630014654588649e+02
4.702195216728061382e+02
3.166554534336443044e-02
1.733569915435412626e-02
5.195866989889202925e-02
7.182997576450132760e-02
