7.458966180085970343e+00
5.284284621188941600e+01
4.826128151322959781e+01
2.369282220858004351e+01
1.801230741316978623e+01
1.404599172586510925e+01
1.175204130322972418e+01
1.101253870648354471e+01
1.024640941140389039e+01
9.903892860173893808e+00
9.858019910801823826e+00
9.498721073444528429e+00
9.210251677561251071e+00
3.709366796202738925e+01
1.943722174929842694e+01
1.191337480035657848e+01
8.262219689393809574e+00
6.583143045587537046e+00
5.896018691620643182e+00
5.828076183773822194e+00
5.618384511912536183e+00
5.412217177351577035e+00
5.469351892414958449e+00
5.673854965759132618e+00
6.096382423717310317e+00
4.875127118642034247e+02
4.437395974733527169e+02
2.249848998465543357e-02
1.296443068531641200e-02
7.063683807456976049e-02
1.120760770588085931e-01
