7.551633020457906298e+00
4.361127694122797038e+01
2.601837281613689257e+01
1.881309150336444702e+01
1.573517551261219083e+01
1.138490222290865717e+01
1.224486133792633602e+01
8.463868773797798895e+00
1.038521914560325143e+01
7.481279569822231856e+00
8.386001536919708954e+00
6.733612978305531627e+00
7.089336129941164799e+00
2.169575840338799111e+01
1.412529251829206700e+01
9.305386130917279175e+00
8.944760320153562816e+00
5.816613839745694570e+00
6.092099435286478126e+00
4.369472752308517727e+00
5.139981784921209496e+00
3.840294282310660723e+00
4.162010033858495106e+00
3.240807898133148957e+00
3.636501523974883021e+00
1.590211622777093226e+03
1.112002458255247120e+03
9.941955280370499970e-02
7.380070092363666401e-02
6.682331002744303083e-02
1.121423470516445531e-01
