7.027515689018400735e+00
4.587585877585084404e+01
3.694982582265331672e+01
2.169997605191713674e+01
1.496687589219829917e+01
1.327704051109861183e+01
1.098682026173478299e+01
9.970106924629490663e+00
9.754243461376878699e+00
9.012406455543658268e+00
8.223914686749946412e+00
7.987745327741365031e+00
7.915757093377398412e+00
2.867028517739097282e+01
1.442936382550157681e+01
8.549968994089615748e+00
6.682615831999862088e+00
5.342643877257369667e+00
4.485688694375934205e+00
4.063133294284681618e+00
4.058156838729055416e+00
4.243732771515282387e+00
4.364038886238381210e+00
4.420192039409426954e+00
5.077134111721956167e+00
4.008004187840217583e+02
3.171111413832723542e+02
1.662457775971495910e-02
1.100608486043556065e-02
2.957405743856952179e-02
5.639754223700853275e-02
