8.130763631718906481e+00
4.171961495098130968e+01
5.678823782772872875e+01
2.494486482850047793e+01
1.919809318995884340e+01
1.722666763977153437e+01
1.351686526435039148e+01
1.150807662581746627e+01
1.060917162318796869e+01
8.837347551010642732e+00
8.851296823922876200e+00
7.664065771549018358e+00
7.835481931800055477e+00
2.941715118487856273e+01
1.977754112170659084e+01
1.028052517549928524e+01
7.291937227866357674e+00
6.160615432521212576e+00
4.885595712996411599e+00
4.151427273389753481e+00
4.050585115811242254e+00
3.856758397972161578e+00
4.060792559798539259e+00
4.034719320003056886e+00
4.185725394172171931e+00
6.831099353813998505e+02
5.098119034685453812e+02
3.042227525071227595e-02
1.752581691868125222e-02
3.019408196583185655e-02
6.321350090175623104e-02
