8.373036662223928062e+00
4.051127154304074907e+01
3.316345343791894607e+01
2.140289287495007642e+01
2.415102995002777675e+01
2.180479073814803570e+01
1.629197678607302890e+01
1.250783457677225563e+01
1.357379399849650170e+01
1.550684658902572544e+01
1.175064815402222784e+01
1.301600708787358585e+01
1.172725391650458526e+01
2.672752079679057857e+01
2.025746372321372846e+01
1.179832404600136719e+01
1.375850781459104688e+01
9.217471658194769546e+00
1.117953198207100840e+01
6.146420558892783603e+00
7.965039546348103627e+00
6.990959282983115308e+00
7.187160874851189263e+00
6.605109715515447455e+00
6.798578886180203007e+00
7.952332312061647599e+02
6.755532771688350522e+02
2.675463120324142810e-02
3.489943994173835828e-02
4.113715529471084764e-02
9.864015305564796665e-02
