8.322461893164200930e+00
6.568447154463042637e+01
4.848549995985155192e+01
2.537648956994467753e+01
2.224516575707362875e+01
1.862206583463284204e+01
1.743289328321168696e+01
1.449732253526149428e+01
1.412405127577106434e+01
1.362459451381384845e+01
1.282071054310992686e+01
1.265790612290809136e+01
1.174001867242213670e+01
3.651479076997741657e+01
2.434310488057090893e+01
1.284932364922762993e+01
9.657180183752382518e+00
7.727569635670660908e+00
6.925397746873354521e+00
7.171553303819242942e+00
6.678356977333303135e+00
6.753023171368162991e+00
7.103822203714364569e+00
7.434495492733833366e+00
7.416906339324959241e+00
1.238684317436319589e+03
8.971237700110151536e+02
5.361615091895288038e-02
3.595644485248175592e-02
4.225859326684417577e-02
1.069064163336570922e-01
