8.306032007333536527e+00
4.089767852898538791e+01
3.346470754677697812e+01
1.544490496497992638e+01
1.605347226640650504e+01
1.479828074625863898e+01
1.321296277512520589e+01
1.284646992973577717e+01
1.268140264554362417e+01
1.212510718699617840e+01
1.154173608305044318e+01
1.405756425707793511e+01
1.364599376068157532e+01
1.970086405346163971e+01
2.173467865538426125e+01
6.713992710568254196e+00
7.355521305919517694e+00
5.493260093290314394e+00
5.450406138263008238e+00
4.401160468339105236e+00
5.699650030593100603e+00
5.919370533387816380e+00
6.385093468747616186e+00
7.364597024927383551e+00
8.531791978172057256e+00
6.591539713025131277e+02
3.381615998552449014e+02
3.668197412703173149e-02
2.066349748074289283e-02
3.682754039754303210e-02
8.345192764182629563e-02
