8.481655896356526725e+00
4.105754918682344368e+01
3.223313798041468914e+01
2.133372862530173464e+01
2.433229181923021400e+01
2.205223067807757076e+01
1.635931261942885229e+01
1.258656427503892239e+01
1.349290665989769167e+01
1.545535124426037932e+01
1.179336221087871373e+01
1.329016037838974462e+01
1.209156720593687417e+01
2.637582617954140929e+01
2.013397178520230213e+01
1.167710807273261331e+01
1.379011001975477413e+01
9.518772861443110855e+00
1.100723257470009386e+01
6.278452458304985662e+00
7.966366310087273028e+00
6.973397362873932970e+00
7.070956892394509197e+00
6.796087669021817490e+00
6.644795519472483036e+00
8.069480357813649789e+02
6.714616869630779092e+02
2.681863886735710856e-02
3.479046636075285026e-02
4.232450777274004289e-02
9.731351083281521153e-02
