7.834472083267932874e+00
5.471378598930305515e+01
3.282290864730991586e+01
2.096295841793841319e+01
1.756358676842837596e+01
1.516983859993614736e+01
1.485603088962918150e+01
1.461158112600029568e+01
1.450096984760008567e+01
1.479339169937121845e+01
1.440008471421811187e+01
1.492956809845496835e+01
1.506891864332350295e+01
2.164995262312922364e+01
2.105909931366687005e+01
7.028698866070207885e+00
9.015029432638973717e+00
6.394642829982590371e+00
6.518004781801369774e+00
7.509331143962170607e+00
7.953777791561316590e+00
9.206213116289374554e+00
8.941693523759836282e+00
1.048786093206170378e+01
1.076860421073165774e+01
8.498532986612862032e+02
4.092298344684680274e+02
4.006042731666747958e-02
2.813105796232938383e-02
3.227156355383811043e-02
7.219101751734277594e-02
